[
[0, 183, 86, 115, 186, 162, 126, 168, 67, 193, 137, 73, 46, 43, 60, 1, 40, 106, 123, 114, 29, 128, 82, 130, 68, 90, 55, 50, 60, 36, 196, 151, 141, 116, 166, 33, 98, 163, 132, 39, 47, 197, 54, 66, 27, 174, 80, 21, 151, 98, 79, 162, 131, 4, 140, 86, 8, 32, 123, 22, 23, 32, 47, 69, 136, 28, 196, 189, 97, 192, 41, 53, 99, 154, 56],
[183, 0, 177, 193, 92, 27, 140, 167, 135, 56, 198, 62, 129, 150, 76, 97, 129, 83, 18, 187, 37, 88, 142, 78, 71, 84, 19, 25, 142, 8, 175, 135, 169, 152, 170, 157, 125, 49, 94, 149, 124, 120, 150, 163, 126, 45, 187, 193, 176, 160, 94, 89, 17, 171, 184, 18, 129, 134, 138, 140, 129, 186, 125, 36, 35, 149, 33, 56, 75, 69, 114, 115, 104, 108, 154],
[86, 177, 0, 135, 49, 90, 26, 29, 129, 11, 124, 170, 113, 87, 168, 102, 31, 19, 45, 56, 35, 169, 64, 105, 173, 176, 199, 185, 179, 153, 188, 134, 26, 178, 84, 81, 81, 44, 17, 120, 82, 84, 131, 60, 69, 0, 56, 190, 183, 162, 49, 10, 109, 146, 1, 152, 149, 7, 151, 168, 196, 4, 183, 15, 93, 199, 158, 47, 94, 0, 124, 13, 89, 169, 135],
[115, 193, 135, 0, 21, 59, 172, 182, 2, 42, 115, 196, 57, 8, 139, 117, 117, 24, 46, 143, 193, 117, 197, 120, 131, 142, 121, 22, 84, 48, 157, 139, 32, 129, 56, 93, 116, 111, 146, 167, 35, 108, 13, 82, 71, 125, 190, 89, 19, 24, 99, 5, 165, 83, 83, 63, 113, 10, 151, 43, 44, 33, 61, 17, 37, 128, 30, 195, 124, 71, 58, 17, 89, 98, 115],
[186, 92, 49, 21, 0, 163, 136, 130, 22, 29, 170, 81, 124, 76, 12, 92, 97, 128, 51, 91, 18, 117, 107, 136, 81, 136, 104, 99, 193, 103, 129, 92, 61, 146, 17, 158, 116, 5, 35, 26, 32, 134, 57, 11, 51, 197, 141, 109, 133, 119, 151, 160, 156, 138, 0, 98, 79, 34, 73, 55, 142, 58, 94, 84, 146, 189, 154, 26, 156, 150, 154, 114, 146, 103, 134],
[162, 27, 90, 59, 163, 0, 11, 62, 58, 173, 13, 105, 95, 178, 26, 52, 171, 71, 121, 27, 28, 196, 155, 44, 130, 107, 139, 40, 5, 133, 36, 15, 42, 90, 6, 70, 2, 134, 137, 163, 4, 98, 94, 85, 149, 83, 170, 31, 143, 80, 139, 104, 8, 25, 92, 95, 34, 69, 11, 139, 80, 156, 142, 153, 119, 13, 69, 184, 50, 108, 109, 198, 139, 187, 57],
[126, 140, 26, 172, 136, 11, 0, 123, 69, 21, 126, 125, 182, 188, 186, 156, 81, 132, 155, 165, 143, 124, 4, 26, 133, 45, 11, 42, 21, 133, 60, 127, 160, 47, 60, 99, 31, 91, 91, 77, 154, 191, 181, 86, 110, 12, 152, 73, 104, 41, 64, 111, 69, 95, 9, 10, 116, 196, 65, 166, 12, 127, 30, 99, 167, 76, 7, 3, 125, 181, 58, 80, 184, 70, 160],
[168, 167, 29, 182, 130, 62, 123, 0, 167, 119, 91, 84, 145, 184, 94, 101, 75, 29, 179, 59, 11, 143, 148, 122, 94, 156, 140, 98, 167, 48, 14, 104, 117, 170, 49, 17, 139, 175, 153, 196, 43, 176, 81, 85, 128, 127, 65, 64, 156, 102, 142, 157, 145, 140, 96, 105, 114, 15, 168, 25, 9, 10, 191, 124, 12, 163, 59, 60, 85, 156, 64, 180, 182, 107, 35],
[67, 135, 129, 2, 22, 58, 69, 167, 0, 184, 180, 127, 14, 3, 139, 80, 109, 103, 88, 136, 128, 70, 11, 65, 60, 179, 67, 113, 104, 90, 121, 29, 23, 51, 37, 39, 196, 155, 143, 181, 98, 98, 3, 130, 39, 182, 111, 135, 181, 10, 130, 29, 195, 21, 40, 179, 185, 184, 81, 136, 55, 168, 63, 154, 96, 166, 127, 40, 53, 87, 154, 41, 50, 11, 107],
[193, 56, 11, 42, 29, 173, 21, 119, 184, 0, 156, 136, 167, 51, 195, 86, 127, 19, 164, 32, 129, 183, 22, 108, 163, 18, 105, 98, 13, 154, 60, 49, 161, 80, 5, 169, 4, 14, 173, 65, 86, 115, 120, 190, 198, 21, 69, 148, 75, 80, 86, 3, 22, 172, 139, 142, 175, 96, 13, 53, 147, 31, 120, 150, 134, 190, 95, 82, 119, 188, 81, 6, 72, 69, 146],
[137, 198, 124, 115, 170, 13, 126, 91, 180, 156, 0, 105, 34, 154, 170, 41, 167, 70, 28, 151, 176, 90, 28, 16, 199, 87, 28, 190, 161, 167, 104, 164, 81, 31, 59, 163, 138, 189, 128, 160, 40, 52, 33, 183, 88, 93, 117, 95, 66, 126, 115, 16, 171, 26, 163, 66, 165, 124, 83, 60, 54, 169, 120, 36, 140, 184, 1, 155, 71, 128, 119, 164, 43, 126, 164],
[73, 62, 170, 196, 81, 105, 125, 84, 127, 136, 105, 0, 164, 199, 34, 65, 56, 168, 41, 37, 4, 99, 99, 82, 181, 12, 127, 124, 154, 146, 28, 85, 109, 193, 17, 22, 180, 168, 125, 36, 78, 171, 182, 114, 10, 134, 161, 77, 11, 183, 149, 92, 95, 34, 135, 98, 186, 182, 99, 52, 166, 128, 154, 110, 117, 194, 113, 173, 155, 62, 16, 35, 186, 3, 83],
[46, 129, 113, 57, 124, 95, 182, 145, 14, 167, 34, 164, 0, 132, 178, 89, 97, 108, 150, 28, 43, 172, 143, 58, 99, 148, 150, 190, 126, 168, 27, 29, 190, 57, 118, 194, 18, 193, 91, 155, 159, 189, 181, 76, 193, 39, 83, 113, 167, 189, 115, 21, 169, 158, 104, 25, 130, 65, 177, 20, 134, 141, 138, 92, 95, 159, 167, 48, 80, 151, 118, 38, 68, 40, 55],
[43, 150, 87, 8, 76, 178, 188, 184, 3, 51, 154, 199, 132, 0, 67, 44, 153, 115, 193, 75, 163, 125, 146, 124, 196, 172, 184, 9, 59, 129, 50, 143, 25, 27, 145, 173, 21, 118, 110, 170, 62, 159, 87, 116, 177, 134, 151, 33, 112, 140, 186, 122, 159, 125, 73, 72, 26, 51, 135, 157, 159, 46, 142, 42, 74, 36, 118, 95, 124, 183, 60, 23, 119, 71, 103],
[60, 76, 168, 139, 12, 26, 186, 94, 139, 195, 170, 34, 178, 67, 0, 19, 186, 140, 100, 7, 13, 44, 168, 37, 159, 59, 58, 181, 144, 100, 148, 135, 196, 112, 183, 47, 170, 5, 18, 118, 62, 106, 15, 20, 90, 21, 112, 198, 192, 108, 81, 5, 1, 156, 6, 178, 92, 116, 14, 4, 81, 174, 92, 158, 150, 176, 60, 90, 119, 118, 99, 131, 192, 64, 37],
[1, 97, 102, 117, 92, 52, 156, 101, 80, 86, 41, 65, 89, 44, 19, 0, 165, 149, 34, 74, 138, 190, 140, 62, 173, 9, 120, 19, 2, 46, 156, 177, 167, 86, 73, 31, 62, 82, 17, 11, 83, 10, 96, 92, 176, 159, 100, 149, 129, 123, 11, 43, 76, 152, 164, 53, 16, 161, 64, 87, 142, 58, 130, 164, 31, 184, 29, 105, 96, 59, 163, 152, 18, 88, 33],
[40, 129, 31, 117, 97, 171, 81, 75, 109, 127, 167, 56, 97, 153, 186, 165, 0, 196, 164, 121, 6, 105, 22, 24, 13, 136, 24, 136, 2, 188, 102, 100, 77, 14, 58, 62, 12, 22, 36, 142, 41, 16, 25, 125, 199, 185, 106, 155, 102, 138, 34, 179, 52, 45, 123, 166, 29, 143, 169, 183, 173, 5, 22, 23, 2, 71, 135, 146, 167, 23, 106, 42, 76, 126, 42],
[106, 83, 19, 24, 128, 71, 132, 29, 103, 19, 70, 168, 108, 115, 140, 149, 196, 0, 124, 58, 40, 139, 111, 0, 68, 10, 22, 132, 106, 197, 194, 38, 34, 155, 73, 82, 179, 182, 163, 132, 48, 24, 4, 128, 152, 157, 38, 155, 68, 157, 133, 161, 171, 72, 51, 197, 169, 37, 146, 140, 1, 10, 34, 41, 8, 9, 92, 166, 44, 145, 63, 109, 57, 186, 148],
[123, 18, 45, 46, 51, 121, 155, 179, 88, 164, 28, 41, 150, 193, 100, 34, 164, 124, 0, 195, 104, 154, 10, 36, 190, 142, 69, 155, 184, 49, 97, 171, 90, 112, 37, 190, 177, 117, 55, 196, 123, 109, 122, 39, 131, 154, 67, 193, 131, 93, 187, 128, 140, 46, 149, 148, 152, 187, 107, 121, 38, 101, 85, 121, 30, 38, 31, 67, 3, 114, 118, 145, 53, 16, 83],
[114, 187, 56, 143, 91, 27, 165, 59, 136, 32, 151, 37, 28, 75, 7, 74, 121, 58, 195, 0, 18, 186, 5, 52, 95, 187, 196, 194, 21, 190, 99, 149, 26, 90, 89, 92, 85, 30, 90, 179, 124, 139, 92, 125, 87, 161, 164, 68, 2, 31, 122, 178, 125, 139, 151, 147, 9, 61, 72, 26, 171, 165, 108, 111, 51, 100, 43, 63, 130, 61, 199, 25, 75, 176, 100],
[29, 37, 35, 193, 18, 28, 143, 11, 128, 129, 176, 4, 43, 163, 13, 138, 6, 40, 104, 18, 0, 69, 1, 99, 126, 6, 81, 4, 42, 103, 43, 89, 124, 12, 83, 191, 136, 93, 58, 121, 72, 0, 151, 90, 177, 162, 89, 156, 174, 110, 87, 47, 143, 111, 130, 72, 166, 2, 191, 197, 13, 189, 94, 169, 125, 84, 112, 104, 129, 182, 105, 24, 63, 141, 168],
[128, 88, 169, 117, 117, 196, 124, 143, 70, 183, 90, 99, 172, 125, 44, 190, 105, 139, 154, 186, 69, 0, 61, 179, 66, 101, 30, 179, 68, 33, 39, 167, 57, 79, 7, 57, 104, 174, 130, 70, 122, 178, 97, 136, 99, 172, 32, 160, 7, 20, 173, 100, 172, 83, 139, 116, 115, 181, 140, 5, 158, 67, 180, 10, 42, 139, 7, 190, 146, 172, 170, 156, 15, 27, 16],
[82, 142, 64, 197, 107, 155, 4, 148, 11, 22, 28, 99, 143, 146, 168, 140, 22, 111, 10, 5, 1, 61, 0, 150, 84, 113, 84, 169, 128, 163, 2, 188, 14, 10, 78, 115, 176, 126, 104, 184, 154, 109, 32, 160, 57, 141, 154, 133, 118, 105, 43, 45, 91, 3, 104, 86, 195, 160, 11, 127, 99, 90, 108, 60, 90, 90, 153, 8, 186, 7, 101, 63, 19, 78, 46],
[130, 78, 105, 120, 136, 44, 26, 122, 65, 108, 16, 82, 58, 124, 37, 62, 24, 0, 36, 52, 99, 179, 150, 0, 140, 172, 92, 73, 189, 97, 28, 92, 168, 169, 157, 121, 83, 193, 171, 172, 135, 53, 134, 18, 166, 116, 104, 23, 16, 90, 119, 82, 89, 61, 165, 112, 33, 88, 23, 78, 22, 126, 44, 190, 47, 35, 113, 90, 170, 57, 177, 71, 125, 122, 149],
[68, 71, 173, 131, 81, 130, 133, 94, 60, 163, 199, 181, 99, 196, 159, 173, 13, 68, 190, 95, 126, 66, 84, 140, 0, 121, 172, 176, 72, 53, 3, 195, 5, 189, 114, 157, 7, 86, 61, 27, 21, 81, 181, 43, 152, 52, 75, 86, 183, 13, 142, 187, 127, 25, 186, 159, 28, 79, 187, 128, 84, 132, 2, 102, 161, 175, 62, 168, 194, 129, 111, 2, 69, 59, 137],
[90, 84, 176, 142, 136, 107, 45, 156, 179, 18, 87, 12, 148, 172, 59, 9, 136, 10, 142, 187, 6, 101, 113, 172, 121, 0, 72, 50, 108, 92, 100, 143, 158, 74, 71, 174, 159, 53, 33, 34, 57, 114, 106, 137, 17, 50, 79, 171, 177, 191, 154, 99, 166, 142, 102, 77, 176, 20, 57, 169, 155, 38, 145, 155, 76, 50, 113, 161, 45, 111, 129, 80, 77, 26, 21],
[55, 19, 199, 121, 104, 139, 11, 140, 67, 105, 28, 127, 150, 184, 58, 120, 24, 22, 69, 196, 81, 30, 84, 92, 172, 72, 0, 55, 158, 86, 81, 144, 112, 155, 129, 91, 57, 143, 85, 40, 165, 138, 15, 128, 41, 62, 141, 158, 87, 38, 44, 151, 78, 16, 25, 100, 47, 141, 36, 170, 61, 99, 184, 147, 134, 181, 28, 35, 58, 94, 128, 106, 109, 165, 159],
[50, 25, 185, 22, 99, 40, 42, 98, 113, 98, 190, 124, 190, 9, 181, 19, 136, 132, 155, 194, 4, 179, 169, 73, 176, 50, 55, 0, 98, 125, 47, 29, 186, 41, 100, 147, 144, 74, 189, 83, 147, 189, 57, 182, 135, 82, 12, 77, 72, 70, 124, 189, 12, 139, 79, 153, 13, 93, 193, 27, 90, 105, 122, 116, 169, 126, 96, 93, 52, 30, 12, 85, 109, 199, 103],
[60, 142, 179, 84, 193, 5, 21, 167, 104, 13, 161, 154, 126, 59, 144, 2, 2, 106, 184, 21, 42, 68, 128, 189, 72, 108, 158, 98, 0, 152, 138, 190, 100, 20, 59, 151, 99, 14, 73, 72, 171, 26, 108, 21, 168, 199, 138, 140, 173, 21, 139, 186, 50, 174, 191, 197, 26, 124, 39, 198, 180, 0, 87, 89, 195, 50, 151, 155, 108, 144, 186, 91, 80, 4, 187],
[36, 8, 153, 48, 103, 133, 133, 48, 90, 154, 167, 146, 168, 129, 100, 46, 188, 197, 49, 190, 103, 33, 163, 97, 53, 92, 86, 125, 152, 0, 159, 82, 146, 33, 18, 31, 111, 113, 4, 198, 176, 67, 195, 110, 98, 17, 169, 45, 157, 67, 59, 153, 196, 144, 147, 132, 100, 28, 81, 120, 71, 162, 125, 181, 163, 162, 56, 1, 86, 57, 17, 189, 195, 23, 21],
[196, 175, 188, 157, 129, 36, 60, 14, 121, 60, 104, 28, 27, 50, 148, 156, 102, 194, 97, 99, 43, 39, 2, 28, 3, 100, 81, 47, 138, 159, 0, 140, 126, 187, 38, 21, 127, 179, 51, 30, 69, 147, 199, 155, 184, 154, 36, 181, 62, 29, 63, 26, 124, 196, 7, 3, 62, 135, 20, 163, 123, 57, 157, 39, 135, 28, 110, 51, 98, 78, 55, 174, 32, 167, 42],
[151, 135, 134, 139, 92, 15, 127, 104, 29, 49, 164, 85, 29, 143, 135, 177, 100, 38, 171, 149, 89, 167, 188, 92, 195, 143, 144, 29, 190, 82, 140, 0, 194, 88, 25, 137, 150, 177, 5, 63, 18, 23, 162, 88, 195, 173, 170, 161, 125, 71, 18, 148, 133, 130, 84, 35, 186, 108, 114, 21, 3, 32, 135, 158, 131, 78, 99, 144, 5, 137, 179, 144, 131, 158, 43],
[141, 169, 26, 32, 61, 42, 160, 117, 23, 161, 81, 109, 190, 25, 196, 167, 77, 34, 90, 26, 124, 57, 14, 168, 5, 158, 112, 186, 100, 146, 126, 194, 0, 138, 188, 140, 36, 162, 50, 147, 101, 187, 97, 25, 176, 15, 156, 190, 133, 180, 153, 194, 13, 67, 131, 151, 29, 162, 171, 60, 0, 148, 2, 17, 151, 64, 41, 10, 113, 126, 83, 56, 100, 132, 175],
[116, 152, 178, 129, 146, 90, 47, 170, 51, 80, 31, 193, 57, 27, 112, 86, 14, 155, 112, 90, 12, 79, 10, 169, 189, 74, 155, 41, 20, 33, 187, 88, 138, 0, 74, 54, 160, 175, 68, 150, 103, 31, 83, 15, 5, 106, 44, 123, 197, 143, 112, 36, 186, 94, 161, 107, 163, 142, 171, 83, 120, 61, 92, 6, 180, 179, 69, 51, 144, 78, 179, 188, 122, 88, 177],
[166, 170, 84, 56, 17, 6, 60, 49, 37, 5, 59, 17, 118, 145, 183, 73, 58, 73, 37, 89, 83, 7, 78, 157, 114, 71, 129, 100, 59, 18, 38, 25, 188, 74, 0, 30, 18, 88, 103, 30, 53, 132, 176, 170, 66, 51, 160, 50, 96, 95, 69, 106, 99, 13, 119, 98, 100, 70, 18, 16, 0, 17, 148, 175, 120, 158, 81, 91, 130, 160, 189, 161, 20, 8, 110],
[33, 157, 81, 93, 158, 70, 99, 17, 39, 169, 163, 22, 194, 173, 47, 31, 62, 82, 190, 92, 191, 57, 115, 121, 157, 174, 91, 147, 151, 31, 21, 137, 140, 54, 30, 0, 105, 119, 85, 173, 133, 122, 154, 37, 28, 164, 49, 100, 18, 99, 105, 107, 170, 157, 131, 49, 108, 196, 196, 67, 142, 7, 96, 101, 97, 53, 195, 188, 21, 28, 37, 170, 46, 187, 62],
[98, 125, 81, 116, 116, 2, 31, 139, 196, 4, 138, 180, 18, 21, 170, 62, 12, 179, 177, 85, 136, 104, 176, 83, 7, 159, 57, 144, 99, 111, 127, 150, 36, 160, 18, 105, 0, 110, 6, 114, 107, 81, 177, 53, 154, 190, 14, 154, 141, 24, 4, 92, 194, 119, 53, 154, 197, 163, 134, 23, 152, 169, 186, 111, 100, 144, 90, 35, 147, 186, 89, 138, 13, 76, 186],
[163, 49, 44, 111, 5, 134, 91, 175, 155, 14, 189, 168, 193, 118, 5, 82, 22, 182, 117, 30, 93, 174, 126, 193, 86, 53, 143, 74, 14, 113, 179, 177, 162, 175, 88, 119, 110, 0, 195, 59, 159, 75, 109, 8, 128, 63, 65, 75, 153, 88, 133, 17, 168, 60, 128, 61, 16, 66, 83, 182, 12, 97, 130, 74, 88, 34, 89, 47, 7, 141, 47, 41, 156, 30, 70],
[132, 94, 17, 146, 35, 137, 91, 153, 143, 173, 128, 125, 91, 110, 18, 17, 36, 163, 55, 90, 58, 130, 104, 171, 61, 33, 85, 189, 73, 4, 51, 5, 50, 68, 103, 85, 6, 195, 0, 122, 128, 50, 187, 122, 108, 91, 114, 164, 126, 154, 199, 64, 115, 50, 27, 106, 175, 11, 164, 92, 104, 169, 40, 178, 61, 169, 54, 48, 58, 184, 53, 102, 29, 94, 97],
[39, 149, 120, 167, 26, 163, 77, 196, 181, 65, 160, 36, 155, 170, 118, 11, 142, 132, 196, 179, 121, 70, 184, 172, 27, 34, 40, 83, 72, 198, 30, 63, 147, 150, 30, 173, 114, 59, 122, 0, 6, 179, 132, 183, 193, 172, 126, 42, 74, 186, 134, 121, 141, 92, 94, 134, 182, 100, 167, 111, 7, 138, 49, 65, 196, 111, 169, 75, 0, 25, 195, 179, 64, 39, 93],
[47, 124, 82, 35, 32, 4, 154, 43, 98, 86, 40, 78, 159, 62, 62, 83, 41, 48, 123, 124, 72, 122, 154, 135, 21, 57, 165, 147, 171, 176, 69, 18, 101, 103, 53, 133, 107, 159, 128, 6, 0, 190, 182, 150, 78, 37, 86, 24, 180, 169, 19, 20, 142, 32, 19, 3, 144, 115, 97, 35, 159, 128, 51, 177, 174, 177, 136, 81, 78, 82, 80, 48, 28, 51, 17],
[197, 120, 84, 108, 134, 98, 191, 176, 98, 115, 52, 171, 189, 159, 106, 10, 16, 24, 109, 139, 0, 178, 109, 53, 81, 114, 138, 189, 26, 67, 147, 23, 187, 31, 132, 122, 81, 75, 50, 179, 190, 0, 21, 57, 197, 137, 183, 59, 193, 32, 115, 80, 39, 76, 143, 125, 140, 87, 0, 153, 158, 139, 112, 166, 1, 105, 8, 156, 129, 65, 124, 18, 24, 172, 61],
[54, 150, 131, 13, 57, 94, 181, 81, 3, 120, 33, 182, 181, 87, 15, 96, 25, 4, 122, 92, 151, 97, 32, 134, 181, 106, 15, 57, 108, 195, 199, 162, 97, 83, 176, 154, 177, 109, 187, 132, 182, 21, 0, 97, 155, 59, 39, 119, 85, 169, 35, 166, 37, 79, 181, 184, 120, 34, 67, 163, 125, 18, 156, 176, 114, 57, 82, 0, 107, 39, 11, 166, 50, 42, 128],
[66, 163, 60, 82, 11, 85, 86, 85, 130, 190, 183, 114, 76, 116, 20, 92, 125, 128, 39, 125, 90, 136, 160, 18, 43, 137, 128, 182, 21, 110, 155, 88, 25, 15, 170, 37, 53, 8, 122, 183, 150, 57, 97, 0, 72, 28, 169, 89, 148, 110, 87, 194, 63, 190, 123, 28, 26, 132, 74, 8, 94, 70, 189, 69, 69, 136, 104, 129, 158, 33, 199, 38, 48, 92, 24],
[27, 126, 69, 71, 51, 149, 110, 128, 39, 198, 88, 10, 193, 177, 90, 176, 199, 152, 131, 87, 177, 99, 57, 166, 152, 17, 41, 135, 168, 98, 184, 195, 176, 5, 66, 28, 154, 128, 108, 193, 78, 197, 155, 72, 0, 71, 135, 44, 105, 173, 53, 154, 198, 153, 168, 197, 118, 90, 135, 62, 117, 185, 54, 161, 28, 142, 126, 51, 53, 48, 184, 42, 144, 44, 117],
[174, 45, 0, 125, 197, 83, 12, 127, 182, 21, 93, 134, 39, 134, 21, 159, 185, 157, 154, 161, 162, 172, 141, 116, 52, 50, 62, 82, 199, 17, 154, 173, 15, 106, 51, 164, 190, 63, 91, 172, 37, 137, 59, 28, 71, 0, 152, 69, 30, 30, 69, 123, 190, 35, 187, 163, 165, 150, 33, 168, 158, 192, 48, 134, 16, 34, 95, 42, 179, 158, 111, 50, 194, 106, 166],
[80, 187, 56, 190, 141, 170, 152, 65, 111, 69, 117, 161, 83, 151, 112, 100, 106, 38, 67, 164, 89, 32, 154, 104, 75, 79, 141, 12, 138, 169, 36, 170, 156, 44, 160, 49, 14, 65, 114, 126, 86, 183, 39, 169, 135, 152, 0, 38, 29, 33, 50, 37, 139, 95, 39, 33, 194, 93, 90, 95, 36, 80, 72, 33, 52, 72, 133, 34, 7, 44, 114, 142, 18, 180, 58],
[21, 193, 190, 89, 109, 31, 73, 64, 135, 148, 95, 77, 113, 33, 198, 149, 155, 155, 193, 68, 156, 160, 133, 23, 86, 171, 158, 77, 140, 45, 181, 161, 190, 123, 50, 100, 154, 75, 164, 42, 24, 59, 119, 89, 44, 69, 38, 0, 159, 63, 87, 133, 2, 198, 43, 115, 99, 33, 57, 198, 90, 142, 28, 136, 182, 165, 14, 149, 172, 23, 43, 84, 172, 122, 159],
[151, 176, 183, 19, 133, 143, 104, 156, 181, 75, 66, 11, 167, 112, 192, 129, 102, 68, 131, 2, 174, 7, 118, 16, 183, 177, 87, 72, 173, 157, 62, 125, 133, 197, 96, 18, 141, 153, 126, 74, 180, 193, 85, 148, 105, 30, 29, 159, 0, 187, 2, 84, 113, 107, 38, 160, 134, 139, 132, 60, 160, 154, 82, 127, 25, 195, 187, 160, 175, 55, 126, 159, 4, 93, 66],
[98, 160, 162, 24, 119, 80, 41, 102, 10, 80, 126, 183, 189, 140, 108, 123, 138, 157, 93, 31, 110, 20, 105, 90, 13, 191, 38, 70, 21, 67, 29, 71, 180, 143, 95, 99, 24, 88, 154, 186, 169, 32, 169, 110, 173, 30, 33, 63, 187, 0, 37, 117, 31, 141, 188, 181, 146, 80, 149, 168, 26, 133, 157, 106, 82, 110, 164, 101, 10, 110, 184, 88, 72, 149, 93],
[79, 94, 49, 99, 151, 139, 64, 142, 130, 86, 115, 149, 115, 186, 81, 11, 34, 133, 187, 122, 87, 173, 43, 119, 142, 154, 44, 124, 139, 59, 63, 18, 153, 112, 69, 105, 4, 133, 199, 134, 19, 115, 35, 87, 53, 69, 50, 87, 2, 37, 0, 112, 128, 137, 194, 14, 108, 94, 129, 176, 14, 107, 88, 199, 33, 65, 57, 164, 102, 85, 42, 61, 47, 98, 59],
[162, 89, 10, 5, 160, 104, 111, 157, 29, 3, 16, 92, 21, 122, 5, 43, 179, 161, 128, 178, 47, 100, 45, 82, 187, 99, 151, 189, 186, 153, 26, 148, 194, 36, 106, 107, 92, 17, 64, 121, 20, 80, 166, 194, 154, 123, 37, 133, 84, 117, 112, 0, 57, 170, 120, 185, 53, 93, 123, 9, 173, 143, 176, 97, 102, 32, 51, 64, 104, 189, 32, 135, 67, 186, 186],
[131, 17, 109, 165, 156, 8, 69, 145, 195, 22, 171, 95, 169, 159, 1, 76, 52, 171, 140, 125, 143, 172, 91, 89, 127, 166, 78, 12, 50, 196, 124, 133, 13, 186, 99, 170, 194, 168, 115, 141, 142, 39, 37, 63, 198, 190, 139, 2, 113, 31, 128, 57, 0, 176, 80, 97, 62, 13, 90, 173, 137, 0, 137, 116, 77, 49, 124, 43, 108, 83, 107, 196, 39, 128, 109],
[4, 171, 146, 83, 138, 25, 95, 140, 21, 172, 26, 34, 158, 125, 156, 152, 45, 72, 46, 139, 111, 83, 3, 61, 25, 142, 16, 139, 174, 144, 196, 130, 67, 94, 13, 157, 119, 60, 50, 92, 32, 76, 79, 190, 153, 35, 95, 198, 107, 141, 137, 170, 176, 0, 98, 100, 103, 54, 92, 103, 65, 150, 197, 60, 123, 107, 10, 172, 40, 44, 96, 124, 19, 176, 57],
[140, 184, 1, 83, 0, 92, 9, 96, 40, 139, 163, 135, 104, 73, 6, 164, 123, 51, 149, 151, 130, 139, 104, 165, 186, 102, 25, 79, 191, 147, 7, 84, 131, 161, 119, 131, 53, 128, 27, 94, 19, 143, 181, 123, 168, 187, 39, 43, 38, 188, 194, 120, 80, 98, 0, 97, 86, 182, 147, 87, 148, 21, 20, 39, 149, 67, 164, 155, 26, 46, 161, 6, 193, 109, 135],
[86, 18, 152, 63, 98, 95, 10, 105, 179, 142, 66, 98, 25, 72, 178, 53, 166, 197, 148, 147, 72, 116, 86, 112, 159, 77, 100, 153, 197, 132, 3, 35, 151, 107, 98, 49, 154, 61, 106, 134, 3, 125, 184, 28, 197, 163, 33, 115, 160, 181, 14, 185, 97, 100, 97, 0, 42, 44, 29, 54, 21, 85, 139, 170, 190, 176, 138, 11, 102, 12, 18, 198, 109, 187, 46],
[8, 129, 149, 113, 79, 34, 116, 114, 185, 175, 165, 186, 130, 26, 92, 16, 29, 169, 152, 9, 166, 115, 195, 33, 28, 176, 47, 13, 26, 100, 62, 186, 29, 163, 100, 108, 197, 16, 175, 182, 144, 140, 120, 26, 118, 165, 194, 99, 134, 146, 108, 53, 62, 103, 86, 42, 0, 75, 149, 73, 20, 188, 94, 167, 151, 158, 123, 133, 86, 155, 25, 156, 48, 2, 30],
[32, 134, 7, 10, 34, 69, 196, 15, 184, 96, 124, 182, 65, 51, 116, 161, 143, 37, 187, 61, 2, 181, 160, 88, 79, 20, 141, 93, 124, 28, 135, 108, 162, 142, 70, 196, 163, 66, 11, 100, 115, 87, 34, 132, 90, 150, 93, 33, 139, 80, 94, 93, 13, 54, 182, 44, 75, 0, 135, 57, 9, 120, 5, 186, 35, 1, 193, 142, 85, 93, 41, 113, 54, 26, 95],
[123, 138, 151, 151, 73, 11, 65, 168, 81, 13, 83, 99, 177, 135, 14, 64, 169, 146, 107, 72, 191, 140, 11, 23, 187, 57, 36, 193, 39, 81, 20, 114, 171, 171, 18, 196, 134, 83, 164, 167, 97, 0, 67, 74, 135, 33, 90, 57, 132, 149, 129, 123, 90, 92, 147, 29, 149, 135, 0, 81, 63, 190, 14, 86, 160, 102, 34, 56, 106, 42, 31, 35, 170, 138, 102],
[22, 140, 168, 43, 55, 139, 166, 25, 136, 53, 60, 52, 20, 157, 4, 87, 183, 140, 121, 26, 197, 5, 127, 78, 128, 169, 170, 27, 198, 120, 163, 21, 60, 83, 16, 67, 23, 182, 92, 111, 35, 153, 163, 8, 62, 168, 95, 198, 60, 168, 176, 9, 173, 103, 87, 54, 73, 57, 81, 0, 0, 140, 182, 8, 146, 160, 26, 40, 146, 100, 163, 47, 128, 158, 17],
[23, 129, 196, 44, 142, 80, 12, 9, 55, 147, 54, 166, 134, 159, 81, 142, 173, 1, 38, 171, 13, 158, 99, 22, 84, 155, 61, 90, 180, 71, 123, 3, 0, 120, 0, 142, 152, 12, 104, 7, 159, 158, 125, 94, 117, 158, 36, 90, 160, 26, 14, 173, 137, 65, 148, 21, 20, 9, 63, 0, 0, 34, 82, 167, 199, 163, 1, 96, 123, 150, 10, 54, 50, 49, 116],
[32, 186, 4, 33, 58, 156, 127, 10, 168, 31, 169, 128, 141, 46, 174, 58, 5, 10, 101, 165, 189, 67, 90, 126, 132, 38, 99, 105, 0, 162, 57, 32, 148, 61, 17, 7, 169, 97, 169, 138, 128, 139, 18, 70, 185, 192, 80, 142, 154, 133, 107, 143, 0, 150, 21, 85, 188, 120, 190, 140, 34, 0, 123, 77, 47, 82, 145, 59, 4, 120, 86, 162, 155, 58, 96],
[47, 125, 183, 61, 94, 142, 30, 191, 63, 120, 120, 154, 138, 142, 92, 130, 22, 34, 85, 108, 94, 180, 108, 44, 2, 145, 184, 122, 87, 125, 157, 135, 2, 92, 148, 96, 186, 130, 40, 49, 51, 112, 156, 189, 54, 48, 72, 28, 82, 157, 88, 176, 137, 197, 20, 139, 94, 5, 14, 182, 82, 123, 0, 166, 29, 38, 125, 136, 151, 189, 94, 144, 59, 68, 13],
[69, 36, 15, 17, 84, 153, 99, 124, 154, 150, 36, 110, 92, 42, 158, 164, 23, 41, 121, 111, 169, 10, 60, 190, 102, 155, 147, 116, 89, 181, 39, 158, 17, 6, 175, 101, 111, 74, 178, 65, 177, 166, 176, 69, 161, 134, 33, 136, 127, 106, 199, 97, 116, 60, 39, 170, 167, 186, 86, 8, 167, 77, 166, 0, 102, 27, 194, 58, 37, 28, 94, 110, 150, 181, 92],
[136, 35, 93, 37, 146, 119, 167, 12, 96, 134, 140, 117, 95, 74, 150, 31, 2, 8, 30, 51, 125, 42, 90, 47, 161, 76, 134, 169, 195, 163, 135, 131, 151, 180, 120, 97, 100, 88, 61, 196, 174, 1, 114, 69, 28, 16, 52, 182, 25, 82, 33, 102, 77, 123, 149, 190, 151, 35, 160, 146, 199, 47, 29, 102, 0, 14, 166, 110, 101, 150, 17, 102, 29, 146, 74],
[28, 149, 199, 128, 189, 13, 76, 163, 166, 190, 184, 194, 159, 36, 176, 184, 71, 9, 38, 100, 84, 139, 90, 35, 175, 50, 181, 126, 50, 162, 28, 78, 64, 179, 158, 53, 144, 34, 169, 111, 177, 105, 57, 136, 142, 34, 72, 165, 195, 110, 65, 32, 49, 107, 67, 176, 158, 1, 102, 160, 163, 82, 38, 27, 14, 0, 6, 28, 33, 149, 35, 57, 31, 28, 123],
[196, 33, 158, 30, 154, 69, 7, 59, 127, 95, 1, 113, 167, 118, 60, 29, 135, 92, 31, 43, 112, 7, 153, 113, 62, 113, 28, 96, 151, 56, 110, 99, 41, 69, 81, 195, 90, 89, 54, 169, 136, 8, 82, 104, 126, 95, 133, 14, 187, 164, 57, 51, 124, 10, 164, 138, 123, 193, 34, 26, 1, 145, 125, 194, 166, 6, 0, 46, 10, 56, 83, 32, 148, 120, 106],
[189, 56, 47, 195, 26, 184, 3, 60, 40, 82, 155, 173, 48, 95, 90, 105, 146, 166, 67, 63, 104, 190, 8, 90, 168, 161, 35, 93, 155, 1, 51, 144, 10, 51, 91, 188, 35, 47, 48, 75, 81, 156, 0, 129, 51, 42, 34, 149, 160, 101, 164, 64, 43, 172, 155, 11, 133, 142, 56, 40, 96, 59, 136, 58, 110, 28, 46, 0, 48, 137, 58, 40, 42, 174, 60],
[97, 75, 94, 124, 156, 50, 125, 85, 53, 119, 71, 155, 80, 124, 119, 96, 167, 44, 3, 130, 129, 146, 186, 170, 194, 45, 58, 52, 108, 86, 98, 5, 113, 144, 130, 21, 147, 7, 58, 0, 78, 129, 107, 158, 53, 179, 7, 172, 175, 10, 102, 104, 108, 40, 26, 102, 86, 85, 106, 146, 123, 4, 151, 37, 101, 33, 10, 48, 0, 42, 82, 51, 188, 58, 194],
[192, 69, 0, 71, 150, 108, 181, 156, 87, 188, 128, 62, 151, 183, 118, 59, 23, 145, 114, 61, 182, 172, 7, 57, 129, 111, 94, 30, 144, 57, 78, 137, 126, 78, 160, 28, 186, 141, 184, 25, 82, 65, 39, 33, 48, 158, 44, 23, 55, 110, 85, 189, 83, 44, 46, 12, 155, 93, 42, 100, 150, 120, 189, 28, 150, 149, 56, 137, 42, 0, 137, 86, 177, 14, 3],
[41, 114, 124, 58, 154, 109, 58, 64, 154, 81, 119, 16, 118, 60, 99, 163, 106, 63, 118, 199, 105, 170, 101, 177, 111, 129, 128, 12, 186, 17, 55, 179, 83, 179, 189, 37, 89, 47, 53, 195, 80, 124, 11, 199, 184, 111, 114, 43, 126, 184, 42, 32, 107, 96, 161, 18, 25, 41, 31, 163, 10, 86, 94, 94, 17, 35, 83, 58, 82, 137, 0, 171, 106, 14, 106],
[53, 115, 13, 17, 114, 198, 80, 180, 41, 6, 164, 35, 38, 23, 131, 152, 42, 109, 145, 25, 24, 156, 63, 71, 2, 80, 106, 85, 91, 189, 174, 144, 56, 188, 161, 170, 138, 41, 102, 179, 48, 18, 166, 38, 42, 50, 142, 84, 159, 88, 61, 135, 196, 124, 6, 198, 156, 113, 35, 47, 54, 162, 144, 110, 102, 57, 32, 40, 51, 86, 171, 0, 168, 62, 163],
[99, 104, 89, 89, 146, 139, 184, 182, 50, 72, 43, 186, 68, 119, 192, 18, 76, 57, 53, 75, 63, 15, 19, 125, 69, 77, 109, 109, 80, 195, 32, 131, 100, 122, 20, 46, 13, 156, 29, 64, 28, 24, 50, 48, 144, 194, 18, 172, 4, 72, 47, 67, 39, 19, 193, 109, 48, 54, 170, 128, 50, 155, 59, 150, 29, 31, 148, 42, 188, 177, 106, 168, 0, 139, 17],
[154, 108, 169, 98, 103, 187, 70, 107, 11, 69, 126, 3, 40, 71, 64, 88, 126, 186, 16, 176, 141, 27, 78, 122, 59, 26, 165, 199, 4, 23, 167, 158, 132, 88, 8, 187, 76, 30, 94, 39, 51, 172, 42, 92, 44, 106, 180, 122, 93, 149, 98, 186, 128, 176, 109, 187, 2, 26, 138, 158, 49, 58, 68, 181, 146, 28, 120, 174, 58, 14, 14, 62, 139, 0, 34],
[56, 154, 135, 115, 134, 57, 160, 35, 107, 146, 164, 83, 55, 103, 37, 33, 42, 148, 83, 100, 168, 16, 46, 149, 137, 21, 159, 103, 187, 21, 42, 43, 175, 177, 110, 62, 186, 70, 97, 93, 17, 61, 128, 24, 117, 166, 58, 159, 66, 93, 59, 186, 109, 57, 135, 46, 30, 95, 102, 17, 116, 96, 13, 92, 74, 123, 106, 60, 194, 3, 106, 163, 17, 34, 0]
]